C maj
1 -1 
2 3 3
3 2 2
4 0 0
5 1 1
6 0
-----------
C maj
1 -1 
2 3 1
3 5 3
4 5 3
5 5 3
6 3 1
-----------
C maj
1 8 3 
2 7 2
3 5 1
4 5 1
5 5 1
6 8 4
-----------
C maj
1 8 1 
2 10 3
3 10 4
4 9 2
5 8 1
6 8 1
-----------
C maj
1 -1 
2 -1
3 10 1
4 12 2
5 13 4
6 12 3
-----------
C min
1 -1 
2 3 1
3 5 3
4 5 4
5 4 2
6 3 1
-----------
C min
1 8 1  
2 10 3
3 10 4
4 8 1
5 8 1
6 8 1
-----------
C min
1 -1  
2 -1
3 10 3
4 8 1
5 8 1
6 8 1
-----------
C min
1 -1   
2 -1
3 10 1
4 12 3
5 13 4
6 11 2
-----------
